0 1
0 2
0 3
0 4
0 5
0 7
0 12
0 14
0 18
0 20
0 22
0 23
0 24
0 26
0 37
0 39
0 41
0 44
0 47
0 50
0 58
0 61
0 62
0 66
0 69
0 79
0 82
0 87
0 91
0 96
0 97
0 99
0 107
0 108
0 110
0 111
0 112
0 113
0 123
0 128
0 130
0 133
0 155
0 158
0 165
0 170
0 174
0 178
0 183
0 189
0 193
0 194
0 195
0 200
0 201
0 206
0 227
0 228
0 231
0 249
0 256
0 263
0 281
0 321
0 341
0 343
0 359
0 367
0 380
0 383
0 400
0 424
0 452
0 457
0 458
0 465
0 475
0 480
0 488
1 0
1 2
1 3
1 4
1 6
1 7
1 8
1 9
1 10
1 23
1 26
1 27
1 29
1 32
1 49
1 52
1 53
1 57
1 77
1 84
1 98
1 121
1 126
1 132
1 135
1 138
1 154
1 167
1 175
1 178
1 270
1 271
1 292
1 304
1 324
1 327
1 352
1 364
1 367
1 368
1 399
1 419
1 430
1 436
1 438
1 451
1 468
1 472
1 483
2 0
2 1
2 3
2 5
2 6
2 8
2 11
2 17
2 22
2 24
2 28
2 60
2 68
2 73
2 91
2 121
2 127
2 130
2 151
2 191
2 201
2 238
2 239
2 283
2 286
2 330
2 348
2 381
3 0
3 1
3 2
3 4
3 10
3 12
3 30
3 31
3 38
3 82
3 100
3 117
3 143
3 161
3 191
3 194
3 198
3 205
3 229
3 288
3 304
3 357
3 384
3 410
3 451
3 492
4 0
4 1
4 3
4 5
4 13
4 16
4 17
4 18
4 21
4 31
4 47
4 52
4 61
4 71
4 101
4 107
4 109
4 150
4 171
4 182
4 239
4 259
4 297
4 316
4 317
4 320
4 321
4 350
4 370
4 373
4 388
4 402
4 461
5 0
5 2
5 4
5 6
5 7
5 9
5 10
5 17
5 19
5 21
5 25
5 28
5 32
5 33
5 45
5 49
5 58
5 65
5 72
5 86
5 88
5 89
5 100
5 105
5 106
5 109
5 114
5 134
5 137
5 139
5 140
5 146
5 157
5 159
5 164
5 176
5 177
5 185
5 198
5 199
5 207
5 240
5 245
5 246
5 249
5 256
5 260
5 290
5 292
5 333
5 421
5 469
6 1
6 2
6 5
6 8
6 11
6 13
6 16
6 37
6 40
6 41
6 45
6 54
6 67
6 71
6 80
6 82
6 106
6 122
6 124
6 138
6 161
6 164
6 185
6 186
6 189
6 207
6 209
6 211
6 213
6 226
6 233
6 234
6 235
6 241
6 248
6 272
6 273
6 288
6 307
6 322
6 364
6 374
6 438
6 444
6 449
7 0
7 1
7 5
7 11
7 12
7 14
7 15
7 16
7 22
7 31
7 35
7 46
7 101
7 123
7 125
7 129
7 139
7 148
7 188
7 204
7 280
7 335
7 358
7 359
7 475
7 493
8 1
8 2
8 6
8 9
8 20
8 38
8 40
8 43
8 57
8 76
8 85
8 103
8 136
8 142
8 153
8 171
8 173
8 224
8 242
8 252
8 267
8 301
8 315
8 341
8 349
8 354
8 396
8 413
8 435
8 474
9 1
9 5
9 8
9 41
9 51
9 64
9 88
9 98
9 186
9 230
9 292
9 310
9 336
9 380
9 407
9 409
9 480
9 492
10 1
10 3
10 5
10 34
10 35
10 59
10 80
10 85
10 120
10 126
10 137
10 141
10 151
10 156
10 255
10 260
10 305
11 2
11 6
11 7
11 13
11 15
11 27
11 33
11 42
11 63
11 67
11 84
11 87
11 92
11 110
11 127
11 168
11 177
11 247
11 277
11 322
11 324
11 338
11 345
11 371
11 442
11 470
12 0
12 3
12 7
12 14
12 18
12 25
12 30
12 37
12 42
12 44
12 48
12 70
12 96
12 97
12 102
12 113
12 131
12 133
12 188
12 211
12 272
12 284
12 299
12 312
12 389
12 399
12 461
12 463
12 479
13 4
13 6
13 11
13 15
13 209
13 243
14 0
14 7
14 12
14 20
14 24
14 27
14 34
14 51
14 62
14 73
14 104
14 124
14 140
14 164
14 182
14 191
14 216
14 229
14 290
14 294
14 430
14 440
14 441
14 484
15 7
15 11
15 13
15 19
15 21
15 25
15 29
15 36
15 38
15 44
15 56
15 76
15 79
15 119
15 129
15 144
15 145
15 148
15 169
15 173
15 174
15 202
15 265
15 347
15 363
15 391
15 404
15 483
15 496
16 4
16 6
16 7
16 36
16 66
16 68
16 75
16 173
16 217
16 362
16 383
17 2
17 4
17 5
17 19
17 55
17 95
17 99
17 171
17 213
17 231
17 306
17 353
17 361
17 435
17 453
17 481
18 0
18 4
18 12
18 23
18 42
18 55
18 78
18 125
18 132
18 217
18 262
18 291
18 310
18 311
18 405
18 466
19 5
19 15
19 17
19 215
19 406
19 444
20 0
20 8
20 14
20 34
20 58
20 60
20 72
20 102
20 106
20 116
20 203
20 208
20 355
20 429
20 486
21 4
21 5
21 15
22 0
22 2
22 7
22 26
22 30
22 39
22 43
22 74
22 78
22 83
22 93
22 94
22 105
22 121
22 187
22 199
22 234
22 253
22 276
22 287
22 298
22 308
22 318
22 347
22 403
22 407
22 426
22 449
22 473
22 476
23 0
23 1
23 18
23 55
23 135
23 144
23 147
23 202
23 308
23 392
23 497
24 0
24 2
24 14
24 33
24 64
24 65
24 68
24 75
24 93
24 94
24 95
24 145
24 153
24 193
24 204
24 236
24 330
24 421
24 452
25 5
25 12
25 15
25 386
25 486
26 0
26 1
26 22
26 28
26 29
26 35
26 48
26 63
26 81
26 84
26 117
26 181
26 192
26 220
26 269
26 285
26 301
26 328
26 341
26 352
26 378
26 396
26 441
26 465
26 489
27 1
27 11
27 14
27 32
27 50
27 104
27 147
27 150
27 182
27 196
27 218
27 236
27 244
27 253
27 285
27 291
27 362
27 413
27 416
27 445
27 450
27 460
27 463
27 479
27 491
28 2
28 5
28 26
28 40
28 52
28 53
28 91
28 115
28 156
28 185
28 229
28 300
28 319
28 442
28 484
28 497
29 1
29 15
29 26
29 53
29 77
29 83
29 89
29 100
29 181
29 212
29 238
29 285
29 298
30 3
30 12
30 22
30 45
30 59
30 62
30 120
30 172
30 315
30 335
30 355
30 439
31 3
31 4
31 7
31 192
31 214
31 223
31 242
31 270
31 428
31 430
31 477
32 1
32 5
32 27
32 43
32 46
32 54
32 79
32 215
32 308
32 340
32 423
33 5
33 11
33 24
33 36
33 63
33 96
33 225
33 246
34 10
34 14
34 20
34 60
34 69
34 151
34 217
34 296
34 318
34 326
34 464
35 7
35 10
35 26
35 39
35 49
35 235
35 262
35 368
35 445
35 473
36 15
36 16
36 33
36 46
36 47
36 56
36 73
36 149
36 152
36 163
36 179
36 282
36 300
36 312
36 334
36 446
37 0
37 6
37 12
37 309
37 325
37 344
38 3
38 8
38 15
38 101
38 112
38 212
38 363
38 426
39 0
39 22
39 35
39 70
39 139
39 159
39 167
39 208
39 274
39 340
39 344
39 386
40 6
40 8
40 28
40 48
40 77
40 178
40 219
40 268
40 286
40 303
40 365
41 0
41 6
41 9
41 59
41 76
41 89
41 149
41 354
41 369
41 389
41 495
42 11
42 12
42 18
42 50
42 51
42 54
42 66
42 72
42 87
42 90
42 105
42 116
42 175
42 181
42 211
42 232
42 257
42 282
42 356
42 455
42 487
42 491
43 8
43 22
43 32
43 57
43 64
43 80
43 81
43 110
43 111
43 117
43 176
43 197
43 215
43 228
43 240
43 269
43 350
43 351
43 422
43 470
44 0
44 12
44 15
44 75
44 397
44 487
45 5
45 6
45 30
45 157
45 250
45 313
45 434
45 435
45 447
46 7
46 32
46 36
46 85
46 112
46 131
46 216
46 250
46 299
46 339
46 358
47 0
47 4
47 36
47 65
47 143
47 251
47 280
47 482
48 12
48 26
48 40
48 83
48 237
48 400
48 425
49 1
49 5
49 35
49 61
49 136
49 172
49 202
49 302
50 0
50 27
50 42
50 90
50 336
51 9
51 14
51 42
51 56
51 67
51 69
51 74
51 114
51 144
51 345
51 365
51 443
51 481
52 1
52 4
52 28
52 134
52 160
52 162
52 174
52 436
53 1
53 28
53 29
53 142
53 405
53 449
53 464
53 476
54 6
54 32
54 42
55 17
55 18
55 23
56 15
56 36
56 51
56 108
56 180
56 212
56 382
57 1
57 8
57 43
57 74
57 86
57 103
57 107
57 113
57 120
57 132
57 220
57 261
57 280
57 314
57 355
57 410
57 411
57 415
57 416
57 444
58 0
58 5
58 20
58 131
58 272
58 334
58 374
58 422
59 10
59 30
59 41
59 136
59 224
59 241
59 284
59 448
59 475
60 2
60 20
60 34
60 98
60 152
60 327
60 466
60 471
61 0
61 4
61 49
61 95
61 303
61 310
62 0
62 14
62 30
62 86
62 311
62 417
63 11
63 26
63 33
63 134
63 409
64 9
64 24
64 43
64 70
64 140
64 353
65 5
65 24
65 47
65 88
65 165
65 187
65 206
65 240
65 255
65 257
65 264
65 289
65 325
65 326
66 0
66 16
66 42
66 156
66 247
66 376
66 388
67 6
67 11
67 51
68 2
68 16
68 24
68 135
69 0
69 34
69 51
69 71
69 93
69 118
69 128
69 145
69 245
69 266
69 314
69 316
69 323
69 346
69 427
70 12
70 39
70 64
70 141
70 166
70 175
70 194
70 268
70 296
70 302
70 347
70 390
70 398
70 446
71 4
71 6
71 69
71 159
71 297
71 414
71 425
72 5
72 20
72 42
72 78
72 109
73 2
73 14
73 36
73 97
73 115
74 22
74 51
74 57
74 90
74 372
75 16
75 24
75 44
75 81
75 199
75 332
75 377
75 454
76 8
76 15
76 41
76 116
77 1
77 29
77 40
77 204
77 283
77 406
78 18
78 22
78 72
78 231
78 309
78 413
78 415
79 0
79 15
79 32
79 92
79 103
79 104
79 111
79 157
79 167
79 188
79 279
79 287
79 392
79 494
79 497
80 6
80 10
80 43
80 102
80 214
80 228
80 453
81 26
81 43
81 75
81 94
81 99
81 119
81 160
81 203
81 293
81 382
81 389
82 0
82 3
82 6
82 168
82 258
83 22
83 29
83 48
83 149
83 419
84 1
84 11
84 26
84 114
84 118
84 238
84 243
84 248
84 317
84 320
84 323
85 8
85 10
85 46
85 190
86 5
86 57
86 62
86 126
86 158
86 170
86 256
86 329
86 365
86 384
86 401
86 409
86 431
87 0
87 11
87 42
87 190
87 295
87 420
88 5
88 9
88 65
88 448
89 5
89 29
89 41
89 123
89 179
89 418
90 42
90 50
90 74
90 92
90 307
90 322
90 352
90 414
90 433
91 0
91 2
91 28
91 115
91 147
91 386
92 11
92 79
92 90
92 163
92 197
92 201
92 218
92 223
92 267
92 332
92 385
92 397
92 418
92 494
93 22
93 24
93 69
93 137
93 142
93 239
93 301
94 22
94 24
94 81
94 219
94 331
94 488
95 17
95 24
95 61
95 180
95 260
95 402
95 416
95 433
95 498
96 0
96 12
96 33
97 0
97 12
97 73
97 143
97 294
97 342
97 395
97 480
98 1
98 9
98 60
98 108
98 128
98 440
99 0
99 17
99 81
99 259
100 3
100 5
100 29
100 118
100 193
100 462
101 4
101 7
101 38
101 122
101 158
101 300
101 415
101 452
102 12
102 20
102 80
102 129
102 382
102 424
103 8
103 57
103 79
103 148
103 196
103 349
103 368
103 462
104 14
104 27
104 79
104 286
104 493
105 5
105 22
105 42
105 138
105 197
105 208
105 346
105 360
106 5
106 6
106 20
106 146
106 192
106 248
107 0
107 4
107 57
107 169
107 232
107 295
107 316
107 356
107 432
107 499
108 0
108 56
108 98
108 374
109 4
109 5
109 72
109 210
109 393
109 401
109 454
110 0
110 11
110 43
110 122
110 127
110 172
110 348
111 0
111 43
111 79
112 0
112 38
112 46
112 209
112 437
113 0
113 12
113 57
113 124
113 130
113 152
113 154
113 169
113 221
113 242
113 324
113 362
113 450
114 5
114 51
114 84
114 166
114 258
115 28
115 73
115 91
115 155
115 213
115 250
115 253
115 339
115 369
116 20
116 42
116 76
116 163
116 488
117 3
117 26
117 43
117 125
117 183
117 200
117 328
118 69
118 84
118 100
118 119
118 189
118 327
118 359
118 378
119 15
119 81
119 118
119 133
120 10
120 30
120 57
120 141
120 161
120 168
120 186
120 190
120 234
120 257
120 299
120 302
120 306
120 340
120 351
120 384
120 387
120 402
120 462
120 490
121 1
121 2
121 22
121 177
121 198
121 237
122 6
122 101
122 110
122 180
122 244
122 261
122 375
123 0
123 7
123 89
123 187
123 226
123 233
123 262
123 390
124 6
124 14
124 113
124 146
124 160
124 303
124 385
124 468
125 7
125 18
125 117
125 274
125 307
126 1
126 10
126 86
126 410
127 2
127 11
127 110
127 150
127 155
128 0
128 69
128 98
128 162
128 184
128 277
128 346
129 7
129 15
129 102
129 266
129 297
129 319
129 408
130 0
130 2
130 113
130 162
130 223
130 424
130 477
131 12
131 46
131 58
131 279
132 1
132 18
132 57
132 184
132 495
133 0
133 12
133 119
133 458
134 5
134 52
134 63
134 221
135 1
135 23
135 68
135 227
135 463
136 8
136 49
136 59
136 441
137 5
137 10
137 93
138 1
138 6
138 105
138 404
139 5
139 7
139 39
139 291
139 439
140 5
140 14
140 64
141 10
141 70
141 120
141 367
141 422
141 467
142 8
142 53
142 93
142 265
142 289
143 3
143 47
143 97
143 271
144 15
144 23
144 51
144 153
144 165
144 170
144 273
144 333
144 339
144 366
144 381
144 482
145 15
145 24
145 69
145 313
146 5
146 106
146 124
146 255
146 265
147 23
147 27
147 91
147 154
147 200
147 395
148 7
148 15
148 103
148 244
149 36
149 41
149 83
149 423
150 4
150 27
150 127
150 263
151 2
151 10
151 34
151 196
151 270
151 471
152 36
152 60
152 113
153 8
153 24
153 144
153 459
154 1
154 113
154 147
155 0
155 115
155 127
155 370
155 381
155 460
156 10
156 28
156 66
156 166
157 5
157 45
157 79
158 0
158 86
158 101
158 176
158 219
158 258
158 278
158 306
158 313
158 328
158 337
158 377
159 5
159 39
159 71
159 205
160 52
160 81
160 124
161 3
161 6
161 120
161 179
161 274
161 278
161 411
162 52
162 128
162 130
162 195
163 36
163 92
163 116
163 263
163 273
164 5
164 6
164 14
164 236
164 261
164 269
165 0
165 65
165 144
165 252
165 473
165 485
166 70
166 114
166 156
166 226
167 1
167 39
167 79
167 394
168 11
168 82
168 120
168 206
168 251
168 276
168 331
168 408
169 15
169 107
169 113
169 254
170 0
170 86
170 144
171 4
171 8
171 17
171 230
171 351
171 428
172 30
172 49
172 110
172 183
172 195
172 323
172 393
173 8
173 15
173 16
174 0
174 15
174 52
174 372
174 388
174 398
175 1
175 42
175 70
176 5
176 43
176 158
177 5
177 11
177 121
178 0
178 1
178 40
179 36
179 89
179 161
179 218
179 230
179 264
179 325
179 461
180 56
180 95
180 122
181 26
181 29
181 42
181 252
182 4
182 14
182 27
182 216
182 434
182 445
182 489
183 0
183 117
183 172
183 184
183 227
183 232
184 128
184 132
184 183
184 254
184 268
184 354
185 5
185 6
185 28
185 266
185 279
185 319
185 455
186 6
186 9
186 120
186 222
186 275
187 22
187 65
187 123
188 7
188 12
188 79
189 0
189 6
189 118
189 235
190 85
190 87
190 120
190 305
190 370
190 421
190 482
191 2
191 3
191 14
191 210
191 224
191 276
191 284
191 385
192 26
192 31
192 106
192 315
192 378
192 390
192 498
193 0
193 24
193 100
193 205
193 287
193 400
193 432
194 0
194 3
194 70
194 207
194 210
194 343
194 393
195 0
195 162
195 172
196 27
196 103
196 151
196 293
197 43
197 92
197 105
197 203
197 271
198 3
198 5
198 121
198 357
199 5
199 22
199 75
200 0
200 117
200 147
201 0
201 2
201 92
202 15
202 23
202 49
202 394
203 20
203 81
203 197
204 7
204 24
204 77
204 331
205 3
205 159
205 193
205 249
206 0
206 65
206 168
206 472
207 5
207 6
207 194
208 20
208 39
208 105
209 6
209 13
209 112
209 220
209 225
209 233
209 254
209 321
209 363
209 366
209 485
210 109
210 191
210 194
211 6
211 12
211 42
211 451
212 29
212 38
212 56
212 214
212 349
213 6
213 17
213 115
213 222
213 275
213 281
214 31
214 80
214 212
214 375
214 423
215 19
215 32
215 43
215 221
215 222
215 282
215 429
216 14
216 46
216 182
217 16
217 18
217 34
217 305
218 27
218 92
218 179
219 40
219 94
219 158
220 26
220 57
220 209
220 326
220 442
221 113
221 134
221 215
221 246
221 278
221 335
221 379
221 420
221 443
221 455
221 467
221 493
222 186
222 213
222 215
222 225
222 237
222 419
223 31
223 92
223 130
223 429
223 436
223 447
224 8
224 59
224 191
225 33
225 209
225 222
226 6
226 123
226 166
227 0
227 135
227 183
227 243
228 0
228 43
228 80
229 3
229 14
229 28
230 9
230 171
230 179
230 241
231 0
231 17
231 78
231 465
232 42
232 107
232 183
233 6
233 123
233 209
233 320
234 6
234 22
234 120
234 247
235 6
235 35
235 189
236 24
236 27
236 164
236 245
236 338
236 490
237 48
237 121
237 222
237 298
237 407
238 2
238 29
238 84
238 251
239 2
239 4
239 93
240 5
240 43
240 65
241 6
241 59
241 230
242 8
242 31
242 113
242 379
242 391
242 446
243 13
243 84
243 227
243 288
243 375
243 428
243 438
244 27
244 122
244 148
244 314
244 412
245 5
245 69
245 236
245 478
246 5
246 33
246 221
246 329
246 348
246 394
246 478
247 11
247 66
247 234
248 6
248 84
248 106
249 0
249 5
249 205
249 259
249 281
249 357
249 425
250 45
250 46
250 115
250 333
250 403
250 412
250 498
251 47
251 168
251 238
251 267
252 8
252 165
252 181
252 373
252 427
253 22
253 27
253 115
253 264
254 169
254 184
254 209
254 295
254 309
254 372
254 376
255 10
255 65
255 146
255 356
255 457
256 0
256 5
256 86
256 376
256 456
257 42
257 65
257 120
257 426
258 82
258 114
258 158
258 318
259 4
259 99
259 249
259 290
259 350
259 371
259 486
260 5
260 10
260 95
260 312
260 353
260 420
260 427
260 447
261 57
261 122
261 164
262 18
262 35
262 123
262 373
263 0
263 150
263 163
264 65
264 179
264 253
264 277
265 15
265 142
265 146
265 343
265 383
266 69
266 129
266 185
267 8
267 92
267 251
267 293
268 40
268 70
268 184
268 414
268 478
269 26
269 43
269 164
269 379
270 1
270 31
270 151
270 361
271 1
271 143
271 197
271 431
272 6
272 12
272 58
273 6
273 144
273 163
273 275
273 296
273 469
274 39
274 125
274 161
274 401
275 186
275 213
275 273
275 294
275 412
275 484
276 22
276 168
276 191
276 283
276 360
277 11
277 128
277 264
277 344
277 358
277 364
277 396
278 158
278 161
278 221
278 304
278 317
278 342
278 411
279 79
279 131
279 185
280 7
280 47
280 57
281 0
281 213
281 249
281 417
282 36
282 42
282 215
283 2
283 77
283 276
283 432
283 467
284 12
284 59
284 191
284 289
285 26
285 27
285 29
285 479
286 2
286 40
286 104
286 337
286 405
287 22
287 79
287 193
287 336
287 387
287 440
287 443
287 459
288 3
288 6
288 243
288 342
288 437
289 65
289 142
289 284
289 332
289 377
290 5
290 14
290 259
291 18
291 27
291 139
292 1
292 5
292 9
292 380
292 434
293 81
293 196
293 267
294 14
294 97
294 275
295 87
295 107
295 254
296 34
296 70
296 273
297 4
297 71
297 129
298 22
298 29
298 237
299 12
299 46
299 120
300 28
300 36
300 101
300 369
301 8
301 26
301 93
301 311
302 49
302 70
302 120
303 40
303 61
303 124
304 1
304 3
304 278
304 337
305 10
305 190
305 217
306 17
306 120
306 158
306 403
307 6
307 90
307 125
308 22
308 23
308 32
309 37
309 78
309 254
310 9
310 18
310 61
311 18
311 62
311 301
312 12
312 36
312 260
313 45
313 145
313 158
313 338
314 57
314 69
314 244
315 8
315 30
315 192
316 4
316 69
316 107
317 4
317 84
317 278
317 329
317 474
318 22
318 34
318 258
319 28
319 129
319 185
319 460
320 4
320 84
320 233
320 334
321 0
321 4
321 209
322 6
322 11
322 90
322 345
323 69
323 84
323 172
324 1
324 11
324 113
324 439
324 457
324 458
325 37
325 65
325 179
326 34
326 65
326 220
327 1
327 60
327 118
327 330
327 399
327 495
328 26
328 117
328 158
328 417
329 86
329 246
329 317
330 2
330 24
330 327
330 395
331 94
331 168
331 204
332 75
332 92
332 289
332 431
333 5
333 144
333 250
334 36
334 58
334 320
334 456
335 7
335 30
335 221
335 361
335 366
335 397
336 9
336 50
336 287
337 158
337 286
337 304
338 11
338 236
338 313
339 46
339 115
339 144
340 32
340 39
340 120
341 0
341 8
341 26
342 97
342 278
342 288
342 406
342 471
343 0
343 194
343 265
344 37
344 39
344 277
345 11
345 51
345 322
346 69
346 105
346 128
347 15
347 22
347 70
348 2
348 110
348 246
349 8
349 103
349 212
350 4
350 43
350 259
351 43
351 120
351 171
351 360
352 1
352 26
352 90
353 17
353 64
353 260
354 8
354 41
354 184
354 391
355 20
355 30
355 57
356 42
356 107
356 255
357 3
357 198
357 249
357 453
358 7
358 46
358 277
359 0
359 7
359 118
360 105
360 276
360 351
361 17
361 270
361 335
361 387
362 16
362 27
362 113
363 15
363 38
363 209
363 371
364 1
364 6
364 277
364 469
365 40
365 51
365 86
366 144
366 209
366 335
367 0
367 1
367 141
368 1
368 35
368 103
368 466
369 41
369 115
369 300
369 472
370 4
370 155
370 190
371 11
371 259
371 363
372 74
372 174
372 254
373 4
373 252
373 262
373 483
374 6
374 58
374 108
375 122
375 214
375 243
375 408
375 418
376 66
376 254
376 256
377 75
377 158
377 289
377 485
378 26
378 118
378 192
379 221
379 242
379 269
380 0
380 9
380 292
381 2
381 144
381 155
381 398
382 56
382 81
382 102
383 0
383 16
383 265
384 3
384 86
384 120
384 481
385 92
385 124
385 191
386 25
386 39
386 91
386 470
387 120
387 287
387 361
388 4
388 66
388 174
388 392
389 12
389 41
389 81
390 70
390 123
390 192
391 15
391 242
391 354
391 404
392 23
392 79
392 388
393 109
393 172
393 194
394 167
394 202
394 246
395 97
395 147
395 330
395 456
396 8
396 26
396 277
397 44
397 92
397 335
398 70
398 174
398 381
399 1
399 12
399 327
400 0
400 48
400 193
401 86
401 109
401 274
402 4
402 95
402 120
402 450
403 22
403 250
403 306
404 15
404 138
404 391
405 18
405 53
405 286
406 19
406 77
406 342
407 9
407 22
407 237
408 129
408 168
408 375
409 9
409 63
409 86
410 3
410 57
410 126
411 57
411 161
411 278
412 244
412 250
412 275
413 8
413 27
413 78
414 71
414 90
414 268
415 57
415 78
415 101
416 27
416 57
416 95
417 62
417 281
417 328
417 454
418 89
418 92
418 375
419 1
419 83
419 222
419 433
420 87
420 221
420 260
421 5
421 24
421 190
421 437
421 459
422 43
422 58
422 141
423 32
423 149
423 214
424 0
424 102
424 130
424 474
425 48
425 71
425 249
425 476
426 22
426 38
426 257
427 69
427 252
427 260
428 31
428 171
428 243
429 20
429 215
429 223
430 1
430 14
430 31
431 86
431 271
431 332
432 107
432 193
432 283
433 90
433 95
433 419
433 496
434 45
434 182
434 292
435 8
435 17
435 45
436 1
436 52
436 223
437 112
437 288
437 421
438 1
438 6
438 243
439 30
439 139
439 324
440 14
440 98
440 287
441 14
441 26
441 136
441 468
442 11
442 28
442 220
443 51
443 221
443 287
444 6
444 19
444 57
444 448
445 27
445 35
445 182
446 36
446 70
446 242
447 45
447 223
447 260
448 59
448 88
448 444
449 6
449 22
449 53
450 27
450 113
450 402
450 487
450 499
451 1
451 3
451 211
452 0
452 24
452 101
453 17
453 80
453 357
454 75
454 109
454 417
454 492
455 42
455 185
455 221
455 464
456 256
456 334
456 395
456 496
457 0
457 255
457 324
458 0
458 133
458 324
459 153
459 287
459 421
460 27
460 155
460 319
461 4
461 12
461 179
462 100
462 103
462 120
463 12
463 27
463 135
464 34
464 53
464 455
465 0
465 26
465 231
466 18
466 60
466 368
467 141
467 221
467 283
468 1
468 124
468 441
469 5
469 273
469 364
469 477
470 11
470 43
470 386
471 60
471 151
471 342
471 489
472 1
472 206
472 369
473 22
473 35
473 165
473 494
474 8
474 317
474 424
474 499
475 0
475 7
475 59
476 22
476 53
476 425
477 31
477 130
477 469
478 245
478 246
478 268
479 12
479 27
479 285
479 491
480 0
480 9
480 97
481 17
481 51
481 384
482 47
482 144
482 190
483 1
483 15
483 373
484 14
484 28
484 275
485 165
485 209
485 377
486 20
486 25
486 259
486 490
487 42
487 44
487 450
488 0
488 94
488 116
489 26
489 182
489 471
490 120
490 236
490 486
491 27
491 42
491 479
492 3
492 9
492 454
493 7
493 104
493 221
494 79
494 92
494 473
495 41
495 132
495 327
496 15
496 433
496 456
497 23
497 28
497 79
498 95
498 192
498 250
499 107
499 450
499 474
