0 1
0 2
0 196
0 197
1 0
1 2
1 3
1 197
2 0
2 1
2 3
2 4
2 178
3 1
3 2
3 4
3 5
4 2
4 3
4 5
4 6
5 3
5 4
5 6
5 7
6 4
6 5
6 7
6 8
7 5
7 6
7 8
7 9
8 6
8 7
8 9
8 10
8 125
9 7
9 8
9 10
9 11
10 8
10 9
10 11
10 12
11 9
11 10
11 12
11 13
11 145
12 10
12 11
12 13
12 14
13 11
13 12
13 14
13 103
14 12
14 13
14 15
14 57
15 14
15 16
15 17
16 15
16 17
16 18
17 15
17 16
17 18
17 19
17 133
17 135
18 16
18 17
18 19
18 20
19 17
19 18
19 36
19 50
19 149
20 18
20 21
20 22
21 20
21 22
21 23
22 20
22 21
22 23
22 24
23 21
23 22
23 24
23 25
24 22
24 23
24 25
24 26
25 23
25 24
25 26
25 27
26 24
26 25
26 28
26 61
27 25
27 28
27 29
28 26
28 27
28 29
28 30
29 27
29 28
29 30
29 31
29 108
30 28
30 29
30 31
30 32
31 29
31 30
31 32
31 33
32 30
32 31
32 33
32 34
32 68
33 31
33 32
33 34
33 192
34 32
34 33
34 35
34 36
35 34
35 36
35 37
36 19
36 34
36 35
36 37
37 35
37 36
37 39
37 97
38 39
38 40
39 37
39 38
39 40
39 41
40 38
40 39
40 41
40 42
41 39
41 40
41 42
41 43
42 40
42 41
42 43
42 44
43 41
43 42
43 44
43 45
44 42
44 43
44 46
44 64
44 110
45 43
45 46
45 47
46 44
46 45
46 47
46 48
47 45
47 46
47 48
47 49
48 46
48 47
48 49
48 133
49 47
49 48
49 50
49 51
50 19
50 49
50 51
50 52
51 49
51 50
51 52
51 53
52 50
52 51
52 86
52 113
53 51
53 54
53 55
54 53
54 56
54 130
55 53
55 56
55 57
55 103
56 54
56 55
56 57
56 58
57 14
57 55
57 56
57 58
57 59
58 56
58 57
58 59
58 60
59 57
59 58
59 73
59 119
60 58
60 61
60 62
61 26
61 60
61 62
61 63
62 60
62 61
62 63
62 64
63 61
63 62
63 64
63 65
64 44
64 62
64 63
64 65
64 66
65 63
65 64
65 66
65 67
66 64
66 65
66 67
66 68
67 65
67 66
67 68
67 69
68 32
68 66
68 67
68 70
69 67
69 70
69 71
70 68
70 69
70 72
70 116
71 69
71 72
71 73
72 70
72 71
72 73
72 74
73 59
73 71
73 72
73 74
73 117
74 72
74 73
74 75
74 76
75 74
75 76
75 77
76 74
76 75
76 77
76 79
77 75
77 76
77 78
77 129
78 77
78 79
78 80
79 76
79 78
79 81
79 112
80 78
80 82
80 139
81 79
81 82
81 83
82 80
82 81
82 83
82 84
83 81
83 82
83 84
83 85
84 82
84 83
84 85
84 86
85 83
85 84
85 86
85 87
86 52
86 84
86 85
86 87
86 88
87 85
87 86
87 88
87 89
88 86
88 87
88 89
88 90
89 87
89 88
89 90
89 91
90 88
90 89
90 91
90 92
91 89
91 90
91 92
91 93
92 90
92 91
92 93
92 94
93 91
93 92
93 94
93 95
94 92
94 93
94 95
94 96
95 93
95 94
95 96
95 97
96 94
96 95
96 97
96 98
96 167
97 37
97 95
97 96
97 98
97 99
98 96
98 97
98 100
98 180
99 97
99 100
99 101
100 98
100 99
100 101
100 102
101 99
101 100
101 102
101 103
102 100
102 101
102 103
102 104
103 13
103 55
103 101
103 102
103 104
103 173
104 102
104 103
104 105
104 106
105 104
105 106
105 107
106 104
106 105
106 107
106 108
107 105
107 106
107 108
107 109
108 29
108 106
108 107
108 110
109 107
109 110
109 111
109 190
110 44
110 108
110 109
110 112
111 109
111 112
111 113
112 79
112 110
112 111
112 113
112 114
113 52
113 111
113 112
113 114
113 115
114 112
114 113
114 115
114 116
115 113
115 114
115 116
115 117
116 70
116 114
116 115
116 117
116 118
117 73
117 115
117 116
117 118
117 119
118 116
118 117
118 119
118 120
119 59
119 117
119 118
119 120
119 121
120 118
120 119
120 121
120 122
121 119
121 120
121 122
121 123
122 120
122 121
122 123
122 124
123 121
123 122
123 124
123 125
124 122
124 123
124 125
124 126
125 8
125 123
125 124
125 126
126 124
126 125
126 128
126 147
126 190
127 129
127 137
128 126
128 129
128 130
129 77
129 127
129 128
129 130
129 131
130 54
130 128
130 129
130 131
130 132
130 178
131 129
131 130
131 132
131 133
132 130
132 131
132 134
132 171
133 17
133 48
133 131
133 134
134 132
134 133
134 135
134 136
135 17
135 134
135 136
136 134
136 135
136 137
136 138
137 127
137 136
137 138
137 139
138 136
138 137
138 139
138 140
139 80
139 137
139 138
139 140
139 141
140 138
140 139
140 141
140 142
141 139
141 140
141 142
141 143
142 140
142 141
142 143
142 144
143 141
143 142
143 144
143 145
144 142
144 143
144 145
144 146
145 11
145 143
145 144
145 147
146 144
146 147
146 148
147 126
147 145
147 146
147 148
148 146
148 147
148 149
148 150
149 19
149 148
149 151
149 172
150 148
150 151
150 152
151 149
151 150
151 152
151 153
152 150
152 151
152 153
152 154
153 151
153 152
153 154
153 155
154 152
154 153
154 155
154 156
155 153
155 154
155 156
155 157
156 154
156 155
156 157
156 158
157 155
157 156
157 158
157 159
158 156
158 157
158 159
158 160
159 157
159 158
159 160
159 161
160 158
160 159
160 161
160 162
161 159
161 160
161 162
161 163
162 160
162 161
162 163
162 164
163 161
163 162
163 164
163 165
164 162
164 163
164 165
164 166
165 163
165 164
165 166
165 167
166 164
166 165
166 167
166 168
167 96
167 165
167 166
167 168
168 166
168 167
168 169
168 170
169 168
169 170
169 171
170 168
170 169
170 171
170 172
171 132
171 169
171 170
171 172
171 173
172 149
172 170
172 171
172 173
172 174
173 103
173 171
173 172
173 174
174 172
174 173
174 175
174 176
175 174
175 176
175 177
176 174
176 175
176 177
176 178
177 175
177 176
177 178
177 179
178 2
178 130
178 176
178 177
179 177
179 180
179 181
180 98
180 179
180 181
180 182
181 179
181 180
181 182
181 183
182 180
182 181
182 183
182 184
183 181
183 182
183 184
183 185
184 182
184 183
184 185
184 186
185 183
185 184
185 186
185 187
186 184
186 185
186 187
186 188
187 185
187 186
187 188
187 189
188 186
188 187
188 189
188 190
189 187
189 188
189 190
189 191
190 109
190 126
190 188
190 189
190 191
191 189
191 190
191 192
191 193
192 33
192 191
192 193
192 194
193 191
193 192
193 194
193 195
194 192
194 193
194 195
194 196
195 193
195 194
195 196
195 197
196 0
196 194
196 195
196 197
197 0
197 1
197 195
197 196
