0 1
0 96
0 196
0 197
1 0
1 2
1 3
1 197
2 1
2 3
2 4
3 1
3 2
3 4
3 5
4 2
4 3
4 6
4 133
5 3
5 6
5 7
6 4
6 5
6 7
6 8
7 5
7 6
7 8
7 9
8 6
8 7
8 9
8 10
9 7
9 8
9 10
9 60
10 8
10 9
10 11
10 12
11 10
11 12
11 13
12 10
12 11
12 13
12 14
12 187
13 11
13 12
13 14
13 15
14 12
14 13
14 15
14 16
15 13
15 14
15 16
15 17
16 14
16 15
16 17
16 18
17 15
17 16
17 18
17 19
18 16
18 17
18 19
18 20
19 17
19 18
19 20
19 95
19 139
20 18
20 19
20 21
20 22
21 20
21 22
21 23
21 184
22 20
22 21
22 24
22 175
23 21
23 24
23 25
24 22
24 23
24 25
24 26
25 23
25 24
25 26
25 27
25 106
26 24
26 25
26 27
26 164
27 25
27 26
27 28
27 29
28 27
28 29
28 30
29 27
29 28
29 31
29 78
30 28
30 31
30 32
31 29
31 30
31 32
31 68
32 30
32 31
32 34
32 151
33 34
33 162
34 32
34 33
34 35
34 36
35 34
35 36
35 37
35 193
36 34
36 35
36 37
36 38
37 35
37 36
37 38
37 39
37 134
38 36
38 37
38 39
38 40
39 37
39 38
39 40
39 41
40 38
40 39
40 41
40 42
40 171
41 39
41 40
41 42
41 43
42 40
42 41
42 43
42 109
43 41
43 42
43 44
43 91
44 43
44 45
44 46
45 44
45 46
45 47
46 44
46 45
46 47
46 48
47 45
47 46
47 48
47 158
48 46
48 47
48 49
48 50
49 48
49 50
49 51
50 48
50 49
50 51
50 52
51 49
51 50
51 52
51 53
52 50
52 51
52 53
52 54
53 51
53 52
53 54
53 55
54 52
54 53
54 55
54 56
55 53
55 54
55 56
55 57
56 54
56 55
56 58
56 65
57 55
57 58
57 59
58 56
58 57
58 59
58 60
59 57
59 58
59 60
59 61
60 9
60 58
60 59
60 61
60 62
61 59
61 60
61 62
61 63
61 74
62 60
62 61
62 63
62 64
63 61
63 62
63 64
63 65
64 62
64 63
64 65
64 66
65 56
65 63
65 64
65 66
65 67
66 64
66 65
66 67
66 68
66 164
67 65
67 66
67 68
67 69
68 31
68 66
68 67
68 69
68 70
69 67
69 68
69 70
69 71
70 68
70 69
70 71
70 72
71 69
71 70
71 72
71 73
72 70
72 71
72 73
72 74
73 71
73 72
73 74
73 75
74 61
74 72
74 73
74 75
74 79
75 73
75 74
75 76
75 77
75 186
76 75
76 77
76 78
77 75
77 76
77 78
77 79
78 29
78 76
78 77
78 79
78 80
79 74
79 77
79 78
79 81
80 78
80 81
80 82
81 79
81 80
81 82
81 83
82 80
82 81
82 83
82 84
83 81
83 82
83 84
83 180
84 82
84 83
84 85
84 86
85 84
85 86
85 87
86 84
86 85
86 87
86 88
86 96
87 85
87 86
87 88
87 89
88 86
88 87
88 89
88 90
89 87
89 88
89 90
89 91
90 88
90 89
90 91
90 92
91 43
91 89
91 90
91 93
91 171
92 90
92 93
92 94
93 91
93 92
93 95
93 191
94 92
94 95
94 96
95 19
95 93
95 94
95 96
96 0
96 86
96 94
96 95
96 98
97 98
97 99
98 96
98 97
98 99
98 100
99 97
99 98
99 100
99 101
100 98
100 99
100 101
100 102
101 99
101 100
101 102
101 103
102 100
102 101
102 103
102 104
103 101
103 102
103 104
103 105
104 102
104 103
104 105
104 106
105 103
105 104
105 106
105 107
106 25
106 104
106 105
106 108
107 105
107 108
107 109
108 106
108 107
108 109
108 110
109 42
109 107
109 108
109 110
109 111
110 108
110 109
110 111
110 112
111 109
111 110
111 112
111 113
112 110
112 111
112 113
112 114
113 111
113 112
113 114
113 115
114 112
114 113
114 115
114 116
114 136
115 113
115 114
115 117
115 142
116 114
116 117
116 118
116 163
117 115
117 116
117 118
117 119
118 116
118 117
118 119
118 120
119 117
119 118
119 120
119 121
120 118
120 119
120 121
120 122
121 119
121 120
121 122
121 123
122 120
122 121
122 123
122 124
123 121
123 122
123 124
123 125
124 122
124 123
124 125
124 126
125 123
125 124
125 126
125 127
126 124
126 125
126 127
126 128
127 125
127 126
127 128
127 129
128 126
128 127
128 129
128 130
129 127
129 128
129 130
129 131
130 128
130 129
130 132
130 190
131 129
131 132
131 133
131 174
132 130
132 131
132 133
132 134
133 4
133 131
133 132
133 134
133 135
134 37
134 132
134 133
134 135
135 133
135 134
135 136
135 137
136 114
136 135
136 137
137 135
137 136
137 138
137 139
138 137
138 139
138 140
139 19
139 137
139 138
139 140
139 141
140 138
140 139
140 141
140 142
141 139
141 140
141 142
141 143
142 115
142 140
142 141
142 143
142 144
143 141
143 142
143 144
143 145
144 142
144 143
144 145
144 146
145 143
145 144
145 146
145 147
146 144
146 145
146 147
146 148
147 145
147 146
147 148
147 149
148 146
148 147
148 149
148 150
149 147
149 148
149 150
149 151
150 148
150 149
150 151
150 152
151 32
151 149
151 150
151 152
151 153
152 150
152 151
152 153
152 154
153 151
153 152
153 154
153 155
153 169
154 152
154 153
154 155
154 156
155 153
155 154
155 156
155 157
156 154
156 155
156 158
156 161
157 155
157 158
157 159
158 47
158 156
158 157
158 159
158 160
159 157
159 158
159 160
159 161
160 158
160 159
160 161
160 162
161 156
161 159
161 160
161 162
161 163
162 33
162 160
162 161
162 163
162 164
163 116
163 161
163 162
163 165
164 26
164 66
164 162
164 165
165 163
165 164
165 166
165 167
166 165
166 167
166 168
167 165
167 166
167 168
167 169
168 166
168 167
168 170
168 193
169 153
169 167
169 171
170 168
170 171
170 172
171 40
171 91
171 169
171 170
171 172
172 170
172 171
172 173
172 174
173 172
173 174
173 175
174 131
174 172
174 173
174 176
175 22
175 173
175 176
175 177
176 174
176 175
176 177
176 178
177 175
177 176
177 178
177 179
178 176
178 177
178 179
178 180
179 177
179 178
179 180
179 181
180 83
180 178
180 179
180 181
180 182
181 179
181 180
181 182
181 183
182 180
182 181
182 183
182 184
183 181
183 182
183 184
183 185
184 21
184 182
184 183
184 185
185 183
185 184
185 186
185 187
186 75
186 185
186 188
187 12
187 185
187 189
188 186
188 189
188 190
189 187
189 188
189 190
189 191
190 130
190 188
190 189
190 191
190 192
191 93
191 189
191 190
191 192
191 193
192 190
192 191
192 193
192 194
193 35
193 168
193 191
193 192
193 194
194 192
194 193
194 195
194 196
195 194
195 196
195 197
196 0
196 194
196 195
196 197
197 0
197 1
197 195
197 196
