0 1
0 31
1 0
1 2
1 17
1 25
2 1
2 3
2 6
2 9
2 14
2 19
2 22
2 37
2 38
2 39
2 41
2 46
2 47
2 53
2 59
2 61
2 81
2 98
3 2
3 4
3 5
3 7
3 8
3 10
3 11
3 12
3 27
3 35
3 42
3 48
3 52
3 56
3 57
3 63
3 65
3 74
3 75
3 83
3 86
3 93
3 97
4 3
4 16
4 23
4 43
4 64
5 3
5 15
5 66
5 73
6 2
7 3
7 18
7 34
7 44
7 58
7 77
8 3
9 2
9 32
9 70
10 3
10 13
10 20
10 26
10 28
10 30
10 33
10 85
11 3
11 62
12 3
13 10
13 45
13 55
14 2
15 5
15 40
15 88
16 4
17 1
17 21
17 69
17 90
18 7
18 84
19 2
19 24
19 36
19 60
19 87
19 94
20 10
21 17
22 2
23 4
23 82
24 19
25 1
26 10
26 29
27 3
28 10
28 99
29 26
30 10
30 89
31 0
31 78
32 9
33 10
34 7
35 3
35 54
35 95
36 19
36 51
37 2
37 49
38 2
39 2
40 15
41 2
42 3
42 50
42 68
43 4
44 7
45 13
46 2
47 2
48 3
48 80
49 37
50 42
50 96
51 36
52 3
53 2
54 35
54 67
55 13
55 79
56 3
56 91
57 3
58 7
59 2
59 71
60 19
60 72
61 2
62 11
62 92
63 3
64 4
65 3
66 5
66 76
67 54
68 42
69 17
70 9
71 59
72 60
73 5
74 3
75 3
76 66
77 7
78 31
79 55
80 48
81 2
82 23
83 3
84 18
85 10
86 3
87 19
88 15
89 30
90 17
91 56
92 62
93 3
94 19
95 35
96 50
97 3
98 2
99 28
